[Command: python -u /Users/nirojanyogendran/Desktop/Repositories/practical-ml/Regression/quandl_googl_stock.py]
[Finished in 2.611s]35
0.9785042998229518
[1102.30724812 1072.35207526 1018.32688654 1061.25040232 1073.41759978
 1073.72006407 1092.39141552 1111.74437658 1114.60805905 1122.5541773
 1131.52911965 1129.38771306 1149.21297591 1164.85707172 1135.87056274
 1122.1530938  1087.48151915 1103.47567305 1114.38942234 1121.64385471
 1135.39257072 1150.15527396 1181.6599195  1185.87574667 1157.10623334
 1168.79364896 1170.59238836 1153.23452062 1118.69973701 1115.32608392
 1112.83201819 1069.7409336  1041.53047432 1073.46411176 1019.9509186 ] 0.9785042998229518 35
[Finished in 4.477s][Finished in 7.17s]
